
13714630158
18122322964
13880096921
13760716166


13392060976
15899905504

13714305436
17722532044
15179789945

18818396193
18666172839
18620880225
13509816789
15768247454
18623138844

13691629328
13823131642
13411899908
18584789116
13789112677

13691937776
13066881162
13929043777
18566238886



13829199218
15918770993
13668992696
18029017460
17585519406
18028780415
18565736593
13658366580
15002088471
13826545353
13881801254
15917581264
13714689941

15889310918
13316106161



18169223170


13320986346

15975339609
18692774359
13319676692
18602829952
13798516425
13822305531
13712560220
18623350399
13632841311
13427695280
15727628042
13398175178
13828335138
13503012569
18682377889
13648399749
13658099156

13632588845

15973978139

13600179468

18279804215
13437525503
13682764552


15062187939
13544680498
13532777678
18620108780

15012489408
15323862989
13996049937
13711808885
13711365030



13798501171
13855667299
13983668731
18680626058
13602821022

13709456659

15828655682
13042362252
13550045591
15220500966

18979262999
13430705400
17727987891

13662727321

15099931415

18122062325
13980477388
13434588368
15223791165


13510429730
15277988470
13682341159


18924612485
13162559690
18620685648


13631641794
13713003352
13650001920
13823464088
13827475956
18588258575
18664181007
13368319110
13670151877
18933314129


15678319920
13143462532
15986350303
18928858055
14778867657
15018456338

15875534561
15878942117
13425644519

13923798619
15819108996

13302220909
15920450433

13713765698
18123836986

13922837503
13510850931
13469374888


13510311000
13602732852

15390059653

13503011249

13662316383


15572887666
13533688265


18623416499

13530339383
13691916898
17358592212

15928772178
13077795806
15872623709
13896172541
18566941087
13724068179
15999554818
13430948135
13418557361

13926866907
13922257823
18823210061
13543734415
18929588832

13431223662
13802760090
18581334888

18962680421
13632598571

13689559034
17704057881
18523767580
13528712850

18696786974
13602474923
17620543991
13600093822
13202664506


13510689567
13699034297

18030402883

15696417292
13983968881
13713860813
15111904804
18925556571
15915815723
13535464704
13996555400
17665611953
13648429394
13824347855
15683176825
13316595806

13828581030
13719415564

18988785555
18679383879
13424221220
13431090820


13713808320
13632481705

13724367401

18320840849
18588867425

13750291518
13691704419
13144820026

17512008318
15015181209
15818441324
13500397540
13585619973



13594117368
17702388796
15815450673

15112284442
13380053234


13725119831
13632766900
15111986521
13535680694

18665824486

17502064072
13512334623


13228622826

15013746005
13997921967
13450203295
13005412294
13538230757


15113672407
18922775252
13530380141

13452739865

18948232880
18665995073

13148718869
13825287870
13922444867
13071534542
13510933966
13824704138
13556859303
13728883201
13751112173
15820408580
13316923660
15756255885
15119031736
13822147720
15816388120

17503068779

13714506466
13392866019
17708355797

15108468039
15213156878
13243858653
13399812115
13660577707
13809890588

13143533073
13798481269
13543010868
13593974613
13794370839

18580227717

13715355448


13632461665

13580851850
13726880358
15366625232
15119605994
17704039198
18768112923
13480635806
13822150400
13609621035
13925394518
15011872882
13518147652
13809273119
13609428976
18620044670

13145879832
13316387670
15233364286
13530807214

13510036953
18825871770
17687385687
15521017809
18682471686
18244259265

13805703465
18926585329

13727374166
13926178056

13714627820
13714244831
13691627613

13512724749


17520186779

17360191103


15882346606
18654346340
13438042844
13548043543
13690979911
15220074885
17723207637
15820401811
13510604039
13928459360

18682314286
13824443988
18688409551
18861486982
13682602678
13666183455

15976084216


17780028981
18011746134
13580891645

13618288606


13974211017
13648362468
18507294863

13189760666
18523475513
18780390861
18760627697
15768353358

13880025562
17772382931
13886426622


13728558884
13760224299
13452017303
15989351664
18602331503
13430338588
13827496438
18510780321
15552346399
13826490808
13790922224
13652447800
15099960920
18826566248

18982232137

13926497521
13530167108
13632411359
18623248129
13798390479

17711646762
13568954383
18559668878
18688704601
13925168296
15976640219
13560471858
13874281541
15813881225
17688782084

18961260668



15622865354
13983366544
13518409321

15889978997



15823226706
15712136432
13509610229
18318281681
18603018616
13342886571
13795389571
18676677986
13556886468
13711898923
17030040720
13410344012
13760254848



15989303975
18302080992

13540351930
13824484540
18623115666
13609759648
15815132219
13710763912
15818877560
18974718886

13824862081
15044966582
13649836784
18183051081
13659829723

13312808222


13713585453
13430999281
13692190468
13928477151
15814442758

13183990717
15950992156



15683157675
13544878504
13509666446
15889504341

13057057556

13710868179
18503095885

13554909461
13570989977
18688067764
15388000166
15320578619

15137757767
13632428272

13537841128


13688413783
13924204604

13301285132
15712336265
13711176411
18529110775


15213222930
13902215527
13500037540
13112813114
18127024334
17507698347
18938172850

18223282512



17784360707
18680075998


13048863332






13438130173
18996634808
13638644589
13668282512

13926111598

18081972189
18211548649
13881859662
15823896580
13530221201
13430863191
18176033359



18680685816
18811882401
13310866852
13751940552
13068587638
13543448962
18038039870

13798442724
13632335828


15920243451
18124550224

13802396531
18582188675

13530883108
13826107765
13535343634

13908192762
17727170912

13450432739
18787230638
13648052186
15390901644
13717122282
18588567114

17678999961
13551083653
15386043257
15112343229

15986735530

13694907006
13206060682
15982875445
15213410823
13411170134
13708041444

13728199022
13612805958
13790211358
13538299271
18826019139
18620602028

18681511705
13622892158


15011527976
18983002921
15208340750


13408068759
13602504096

13713841837
18820796276
15995710370

13312888569

18820301508
18620052759
13996299683
13996299683
13823125781
13060901223
13880716199
15989123789

18913285500


13662682527
15213160783
13510266832
13713756756
13620478028
15178872271
13924031189
15013055582
13622887748

13510459183
15823055042
15523296888
13926447574
13723759799


13724333427

17688822993
13715168886
13728284690

15875516217

13288564024
15118820318
13689001476
13535509799
15928567878
15909318716


15976765792

15111922335
15017293569
17306963301
13698475226
13824312034
13202292298
15986113160
13631550109

13862677666
18673518761
13510707848


13534281594
15223287187
15818618603
15301492873
18996696632
17502329935
17782215337



18620985511

15019996077
18140024062
17707490128
15882210449
13450481573

15002096820
15998938014
15928404043




13501553159
13147084045
13699875430



15820407027
13717100875
15999693655
15882839510


13802419953
13902938122
13530055632


15002385150
13760145151

13531860623

18111252639

13512748992
18523057881




13822147605
18300071610
18666083023

18676722399


18097550521
17576023494

13728717487
18657222816
13710033030
15825928205

13480803034
15876517941
13627679787

15622154247
13902408214
15986214037

15882099825

15086963820
13982253115

15882003230
18523781010
13996142500

13909036005


13538478518

14708287511
17628094457

13206090181

13452066655
13500059356
15814570125
18203086617
13590123568
15815548296
13423648463
13560727305
13925730813


13316551820
18520902360
13828875848
17600776687
13128805194
13500012213
13537785769

13423789027

17712672791
13822258671

13798757659
13710732998
18677077873
13823299673



13268204248
15736070727
13078828833
17503061685

15213011828

18002966110


13790183008
13882266361
13809893411
15680690940
13189774142


13880818150
13711118341


13670239070

18172269001
13713534151
15913707864
15826301316

18818583231
18283863327
18819289218
13640239196
15875048481
13927487772
13538030488
15012686903
18823874336

18990874971
13332976983
15889934523
13670370847
13408514493
13798517762

13926275126
13982623361
13544278802
13715165148
13310831399
13359694774
13535597553


18666894845
13610067096
13808827867
18176442890
15084499975
13979627250
17384066017
13635302466
15989426123
18563718232
13436112226
13433538897
13660283536
13825722779
13751388814

15279108855

13417521613
14786639600


15834188823


18382533009
13540885838
13538297048
18575516329
15014871029
15841332534
13543487204
13564998516
13554799096
13556779300
15382838591

13408874237
13650036550

15013346377
13632085219
18113009327

13640908148
15692581026
13760290726
13710318693
13711142000

15818644147
15223469625
13189061369
13421381661
13554840750
13717060772
13431844815
18983882069
13419384176
13352825391

13802509302
13440109605
13087395777
18818859195

13482969597
13551193734

15685659869
15992738222
18118435554
13691952010
18680665570
18725813741
13925998081
